0 3 1 1000 24000 192000000 500000 100000 400000
1 3 1 1000 24000 192000000 500000 100000 400000
2 3 1 1000 24000 192000000 500000 100000 400000
3 3 1 1000 24000 192000000 500000 100000 400000
4 3 1 1000 24000 192000000 500000 100000 400000
5 3 1 1000 24000 192000000 500000 100000 400000
6 3 1 1000 24000 192000000 500000 100000 400000
7 3 1 1000 24000 192000000 500000 100000 400000
8 3 1 1000 24000 192000000 500000 100000 400000
9 3 1 1000 24000 192000000 500000 100000 400000
10 3 1 1000 24000 192000000 500000 100000 400000
11 3 1 1000 24000 192000000 500000 100000 400000
12 3 1 1000 24000 192000000 500000 100000 400000
13 3 1 1000 24000 192000000 500000 100000 400000
14 3 1 1000 24000 192000000 500000 100000 400000
15 3 1 1000 24000 192000000 500000 100000 400000
16 3 1 1000 24000 192000000 500000 100000 400000
17 3 1 1000 24000 192000000 500000 100000 400000
18 3 1 1000 24000 192000000 500000 100000 400000
19 3 1 1000 24000 192000000 500000 100000 400000
20 3 1 1000 24000 192000000 500000 100000 400000
21 3 1 1000 24000 192000000 500000 100000 400000
22 3 1 1000 24000 192000000 500000 100000 400000
23 3 1 1000 24000 192000000 500000 100000 400000
24 3 1 1000 24000 192000000 500000 100000 400000
25 3 1 1000 24000 192000000 500000 100000 400000
26 3 1 1000 24000 192000000 500000 100000 400000
27 3 1 1000 24000 192000000 500000 100000 400000
28 3 1 1000 24000 192000000 500000 100000 400000
29 3 1 1000 24000 192000000 500000 100000 400000
30 3 1 1000 24000 192000000 500000 100000 400000
31 3 1 1000 24000 192000000 500000 100000 400000