0 3 1 1000 24000 192000000 500000 100000 400000
1 3 1 1000 24000 192000000 500000 100000 400000
2 3 1 1000 24000 192000000 500000 100000 400000
3 3 1 1000 24000 192000000 500000 100000 400000
4 3 1 1000 24000 192000000 500000 100000 400000
5 3 1 1000 24000 192000000 500000 100000 400000
6 3 1 1000 24000 192000000 500000 100000 400000
7 3 1 1000 24000 192000000 500000 100000 400000
8 3 1 1000 24000 192000000 500000 100000 400000
9 3 1 1000 24000 192000000 500000 100000 400000
10 3 1 1000 24000 192000000 500000 100000 400000
11 3 1 1000 24000 192000000 500000 100000 400000
12 3 1 1000 24000 192000000 500000 100000 400000
13 3 1 1000 24000 192000000 500000 100000 400000
14 3 1 1000 24000 192000000 500000 100000 400000
15 3 1 1000 24000 192000000 500000 100000 400000