0 3 1 1000 8000 64000000 200000 40000 160000
1 3 1 1000 8000 64000000 200000 40000 160000
2 3 1 1000 8000 64000000 200000 40000 160000
3 3 1 1000 8000 64000000 200000 40000 160000
4 3 1 1000 8000 64000000 200000 40000 160000
5 3 1 1000 8000 64000000 200000 40000 160000
6 3 1 1000 8000 64000000 200000 40000 160000
7 3 1 1000 8000 64000000 200000 40000 160000
8 3 1 1000 8000 64000000 200000 40000 160000
9 3 1 1000 8000 64000000 200000 40000 160000
10 3 1 1000 8000 64000000 200000 40000 160000
11 3 1 1000 8000 64000000 200000 40000 160000
12 3 1 1000 8000 64000000 200000 40000 160000
13 3 1 1000 8000 64000000 200000 40000 160000
14 3 1 1000 8000 64000000 200000 40000 160000
15 3 1 1000 8000 64000000 200000 40000 160000